38
49
1 22.25 23
2 240.75 23
3 459.25 23
4 677.75 23
5 22.25 99
6 240.75 99 
7 298.75 99
8 401.25 99
9 459.25 99
10 677.75 99
11 22.25 175
12 182.75 175
13 298.5 175
14 401.25 175
15 460.5 175
16 677.75 175
17 22.25 251
18 182.75 251
19 298.75 251
20 460.5 251
21 575.25 251
22 677.75 251
23 22.25 327
24 298.75 327
25 575.25 327
26 677.75 327
27 131.5 23
28 350 23
29 626.5 23
30 189.5 99 
31 131.5 175
32 568.5 175
33 73.5 251
34 510.5 251
35 131.5 327
36 408 327
37 466 327 
38 626.5 327
1 1 27
2 1 5
3 2 6
4 2 27
5 2 28
6 3 9
7 3 28
8 3 29
9 4 10 
10 4 29
11 5 11
12 5 30 
13 6 7
14 6 30
15 7 8 
16 7 13
17 8 9 
18 8 14
19 9 10
20 10 16
21 11 17
22 11 31
23 12 13
24 12 18
25 12 31
26 13 14
27 14 15
28 15 20
29 15 32
30 16 22
31 16 32
32 17 23
33 17 33
34 18 19 
35 18 33
36 19 20
37 19 24
38 20 34
39 21 22
40 21 25 
41 21 34
42 22 26
43 23 35 
44 24 35
45 24 36
46 25 37
47 25 38
48 26 38
49 36 37
